
01646 .jpg 305 156 374 222 0.9999052 236 106 426 278 0.99698377 293 71 389 218 0.8343085 324 175 368 213 0.8279145
01647 .jpg 226 175 380 296 0.9998896 230 153 356 223 0.9116727 157 25 401 295 0.57491887
01648 .jpg 310 162 366 219 0.9999665 242 116 427 258 0.9999957 306 162 401 332 0.9892178 191 0 445 310 0.93920475 324 171 394 237 0.82167894 228 107 495 461 0.6178681
01649 .jpg 215 186 390 305 0.99988353 186 85 474 345 0.8814515
01650 .jpg 328 214 363 251 0.9998155 315 198 371 263 0.99986374 229 155 442 328 0.99980193 299 195 412 291 0.99648374 198 407 276 480 0.9895519 298 109 418 258 0.98547876 194 0 527 343 0.76583934 260 167 366 261 0.6524131
01651 .jpg 325 180 392 273 0.9999944 232 158 436 300 0.9999784 334 208 362 258 0.8996399 161 0 558 331 0.886862 334 194 468 293 0.8384411 303 188 405 397 0.57949317
01652 .jpg 288 197 347 287 0.99999666 180 178 445 316 0.9999286 296 223 332 268 0.9939603 279 136 390 277 0.97030604 284 208 375 383 0.95389575 181 0 536 393 0.65537614
01653 .jpg 228 209 379 322 0.9999993 242 247 313 313 0.9985105 28 179 462 334 0.97147816 123 0 406 480 0.94058824 255 261 291 297 0.9122604 217 52 390 372 0.85020167
01654 .jpg 337 198 415 312 0.99999535 227 187 438 374 0.999992 343 243 388 303 0.999767 261 222 322 292 0.9948578 91 89 477 327 0.7535962 109 0 532 480 0.6873812 274 236 308 277 0.68178064
01655 .jpg 287 148 391 245 0.99999213 195 149 439 286 0.9978179
01656 .jpg 150 98 412 303 0.999974 249 136 373 274 0.9993447 25 0 518 449 0.9941629 227 121 358 189 0.96052134
01657 .jpg 68 367 133 429 0.9996228 61 340 200 438 0.98389006 143 336 248 430 0.9710925
01658 .jpg 266 188 408 321 0.9999746 200 0 433 423 0.9469331 94 124 487 286 0.8857062 261 202 322 330 0.8786541 329 199 401 268 0.5637672
01659 .jpg 355 163 399 207 0.9999875 227 110 493 282 0.99997544 321 156 408 246 0.9994054 270 49 394 246 0.995026 339 105 397 215 0.9880693 131 0 607 480 0.91492397 345 165 468 272 0.8504229 254 180 381 269 0.7398283
01660 .jpg 187 105 451 226 0.9999914 248 145 324 226 0.99186575 39 0 593 229 0.93608946 153 0 467 415 0.9278845 209 106 275 239 0.5580428
01661 .jpg 308 184 363 241 0.99996114 215 147 446 303 0.99998486 282 178 415 257 0.99917287 290 90 386 229 0.9691882 226 166 357 244 0.9555311 304 199 411 336 0.9125005 178 0 450 411 0.75848955
01662 .jpg 226 232 272 286 0.99952024 111 185 353 337 0.98030514 188 203 277 300 0.863922
01663 .jpg 289 181 383 276 0.99997485 188 146 422 315 0.9999958 27 6 613 365 0.96245897 173 102 451 480 0.797398 305 202 341 243 0.5038688
01664 .jpg 308 169 390 315 0.9999964 229 173 492 314 0.999982 97 90 639 318 0.9989745 316 219 364 296 0.9947801 61 0 579 480 0.95489347 322 236 352 280 0.6224042
01665 .jpg 282 186 387 297 0.99991417 222 112 450 315 0.9993277 308 126 352 178 0.94206756 168 0 549 351 0.90302235 299 113 396 249 0.781227 290 203 338 284 0.76222044
01666 .jpg 207 142 441 336 0.9983975 296 160 405 253 0.99464315 290 190 384 322 0.64342153
01667 .jpg 245 175 387 312 0.99999094 244 188 296 303 0.7987761 178 0 443 392 0.57384145
01668 .jpg 158 180 228 239 0.999933 104 164 440 330 0.999882 266 247 319 314 0.9995921 339 201 397 286 0.9975957 249 226 355 324 0.9970848 0 0 529 422 0.98864245 121 108 253 297 0.94854033 275 274 311 310 0.93921804 195 180 232 218 0.88888645 167 178 303 275 0.8371186 272 199 389 407 0.6636399 123 179 195 238 0.57374865 349 214 383 256 0.5605672
01669 .jpg 198 232 318 386 0.9999819 211 306 259 370 0.88495755 20 245 403 361 0.58369845
01670 .jpg 181 250 244 343 0.9999546 118 220 354 414 0.9998838 0 0 480 640 0.9524387 198 298 240 343 0.9429934 190 266 224 308 0.90920603 163 153 303 331 0.70205134 180 282 239 435 0.65103436 198 277 320 372 0.6026006
01671 .jpg 197 244 259 337 0.9998547 104 221 363 394 0.94670963 214 291 245 333 0.68943286 181 183 278 373 0.63161874
01672 .jpg 370 0 459 97 0.9998747 272 230 386 360 0.99942964
01673 .jpg 206 309 264 364 0.9999701 115 249 366 421 0.99999416 196 251 277 371 0.9998851 207 313 349 396 0.9992581 0 67 480 566 0.9459063 181 297 283 473 0.8056533
01674 .jpg 289 171 373 244 0.99999475 224 143 419 279 0.9999573 303 184 342 226 0.93600243 178 0 445 399 0.79780596 284 56 385 252 0.5627737
01675 .jpg 297 211 344 256 0.9997917 284 189 381 263 0.99982727 216 156 447 309 0.99724996 296 196 413 363 0.64144427
01676 .jpg 131 142 371 403 0.9999995 208 303 346 393 0.99999154 31 0 450 636 0.9996081 157 169 250 312 0.99635124 213 345 277 397 0.9909273 190 207 314 321 0.96523947 0 74 363 297 0.7814103 175 255 293 368 0.57136494
01677 .jpg 266 164 339 238 0.9999964 200 136 378 243 0.9998115 281 186 318 223 0.9900665 258 158 354 353 0.95491004 143 0 390 351 0.82602084 196 101 439 467 0.5748711
01678 .jpg 125 212 244 324 0.99997866 69 93 344 640 0.99993193 120 163 265 464 0.99930966 0 261 480 593 0.997562 214 209 325 455 0.9894142 0 361 121 548 0.98731035 135 252 206 316 0.7220459
01679 .jpg 197 350 264 434 0.99997985 172 180 228 278 0.9998455 179 281 278 476 0.95418125 263 255 297 320 0.65640587 167 183 294 367 0.60575897 114 133 352 519 0.54572785
01680 .jpg 315 209 405 290 0.9945305 344 224 389 270 0.93032384 281 178 461 318 0.5914264
01681 .jpg 235 180 416 282 0.9992194 185 0 441 398 0.70916 242 216 332 284 0.66131866
01682 .jpg 50 156 288 341 0.51965135
01683 .jpg 176 142 287 338 0.99998665 111 115 367 425 0.99994993 6 0 475 554 0.99784625 180 149 258 213 0.9974 186 259 259 342 0.99480736
01684 .jpg 215 136 395 243 0.999997 232 163 321 235 0.9989048 142 0 471 346 0.9913077 0 112 494 243 0.959788 292 158 380 228 0.9352657 269 193 355 240 0.6829027 251 178 358 313 0.6568538
01685 .jpg 159 184 500 248 1.0 134 127 456 304 0.9998654 246 200 417 280 0.9993661 328 194 442 255 0.99322987 62 0 640 325 0.9908473 137 0 482 480 0.8763926 308 173 444 378 0.77434367 0 157 640 239 0.66830695 308 218 398 266 0.6563912
01686 .jpg 273 170 354 274 0.99999166 204 141 412 317 0.99958795 228 85 278 143 0.9980536 292 213 330 256 0.9235277 256 191 364 396 0.9178707
01687 .jpg 337 189 363 232 0.99806976 321 179 379 240 0.8274578
01688 .jpg 169 48 549 450 0.99954075 253 219 284 253 0.99639547 237 209 292 262 0.95643145 212 60 352 293 0.9207958
01689 .jpg 78 53 470 329 0.9999752 0 0 546 480 0.9954009 204 198 370 308 0.88793266 224 77 384 274 0.7086906 84 184 247 283 0.5817545
01690 .jpg 104 192 392 547 0.99999833 249 295 282 332 0.99849045 236 286 299 342 0.9970884 229 274 377 389 0.99992275 173 280 284 367 0.9975794 156 376 309 443 0.99624133 321 493 388 551 0.99292934 128 120 480 640 0.98317814 14 335 307 503 0.78844506 315 478 470 565 0.7466419 326 509 366 543 0.7223697 285 338 378 386 0.52795124 299 325 454 596 0.5128858
01691 .jpg 276 115 389 261 0.99996364 299 187 378 252 0.908329 214 80 497 250 0.629146
01692 .jpg 211 106 316 262 0.999987 212 214 290 253 0.9318364 114 126 356 323 0.7317694
01693 .jpg 203 191 261 309 0.99992764 50 194 410 323 0.994217 133 199 237 325 0.9819011 278 290 342 333 0.8036588 211 171 333 346 0.76752687
01694 .jpg 153 164 355 347 0.9999565 208 183 342 265 0.99701124 18 0 426 480 0.99407345 162 340 220 398 0.97160673 136 242 285 403 0.9094941 154 177 282 246 0.8316091
01695 .jpg 295 188 436 277 0.99998736 261 116 492 315 0.98207426 361 218 434 281 0.97838867
01696 .jpg 276 209 341 276 0.99976104 203 167 431 314 0.99961114 268 124 364 267 0.9777558 267 182 354 385 0.90225947
01697 .jpg 363 167 436 266 0.9999876 275 148 543 302 0.999224 381 197 410 250 0.57185054 366 185 492 349 0.5274632
01698 .jpg 429 43 462 107 0.99994504 426 20 468 220 0.8357749
01699 .jpg 209 152 422 317 0.999995 264 168 352 281 0.99959207 309 223 371 297 0.99798965 321 118 348 148 0.99239564 342 253 391 318 0.9487582 96 0 545 480 0.8502963 373 173 409 205 0.84550744 273 225 390 411 0.806552 315 239 352 282 0.5588399
01700 .jpg 241 100 384 307 0.9999919 255 210 326 282 0.7755906 198 0 431 350 0.66355705
01701 .jpg 289 180 332 222 0.99990976 285 171 340 278 0.99396527 206 133 445 287 0.98758006 276 64 346 251 0.94019675 290 163 414 248 0.92125744
01702 .jpg 287 225 334 272 0.99975437 269 188 366 286 0.99978584 170 175 413 271 0.8589196
01703 .jpg 256 160 367 277 0.9999175 246 87 407 241 0.93916214 304 194 368 242 0.8301198 155 145 424 302 0.52727723
01704 .jpg 238 107 439 308 0.99999845 370 132 431 282 0.99959177 156 0 559 355 0.9832061 267 141 352 262 0.8606044 269 108 390 204 0.7717443 336 121 396 278 0.74821556
01705 .jpg 276 186 431 320 0.99861157 219 33 259 91 0.6194475
01706 .jpg 253 207 322 286 0.99992895 189 167 360 310 0.99809176 240 91 326 281 0.95572716 235 215 337 376 0.79832286 266 223 303 266 0.7444305 140 0 391 389 0.59178877
01707 .jpg 270 157 343 255 0.9999784 195 149 372 276 0.9991673 142 0 390 368 0.53820074
01708 .jpg 336 194 398 250 0.9999237 231 145 494 329 0.99989295 327 123 407 253 0.9958401 321 187 428 308 0.98612624 133 0 606 480 0.75577694
01709 .jpg 239 206 473 322 0.99983907 524 374 567 410 0.8760143 264 199 374 269 0.78191316
01710 .jpg 281 204 351 282 0.9999455 222 191 430 307 0.99904746 292 224 328 269 0.946182 261 127 369 271 0.9522045 283 212 382 387 0.9178825
01711 .jpg 83 239 382 397 0.99998724 204 252 273 379 0.99998856 224 286 266 342 0.99978787 228 329 270 373 0.9994177 0 0 480 640 0.9595754 196 179 319 354 0.7091047
01712 .jpg 204 132 426 286 0.99871635 42 9 420 476 0.9953325 286 210 391 264 0.72558093 167 289 313 364 0.721567
01713 .jpg 306 126 370 271 0.9999821 214 122 404 296 0.9976375 304 175 396 376 0.97453785 318 201 354 244 0.8480332
01714 .jpg 307 198 391 253 0.9999548 285 188 463 270 0.9994893 480 396 510 432 0.92731404 306 200 404 339 0.53591543 282 93 404 255 0.5215623 261 127 542 296 0.5037932
01715 .jpg 191 230 418 380 0.99997354 98 96 480 377 0.96723783 263 304 352 372 0.9306776 339 215 416 367 0.84133303 189 166 477 640 0.78403485
01716 .jpg 305 184 423 377 0.9999865 376 198 422 358 0.770919 214 228 463 428 0.70515347
01717 .jpg 241 246 313 371 0.99998 146 208 374 381 0.999933 256 259 303 310 0.9997654 258 290 301 358 0.99901676 54 98 480 377 0.9755093 261 257 395 354 0.9028089 221 181 315 518 0.7568759 263 280 297 326 0.5319533
01718 .jpg 319 173 401 280 0.99990535 209 306 279 366 0.9996812 155 258 412 413 0.9928782 221 333 288 385 0.929884 178 86 480 456 0.9134158 344 239 395 285 0.90465534 139 287 283 375 0.85878944
01719 .jpg 285 182 360 277 0.9999933 196 161 439 295 0.9999925 307 198 347 240 0.99796927 271 99 391 261 0.9971065 125 0 590 331 0.7930151 279 178 379 408 0.74972785 200 116 523 480 0.58581567
01720 .jpg 300 184 381 257 0.998355 236 131 475 331 0.9903474
01721 .jpg 288 211 346 262 0.9999734 198 149 440 331 0.9999722 265 201 385 292 0.9994012 257 119 370 257 0.9953917 90 0 550 480 0.825754
01722 .jpg 145 191 380 372 0.9999124 189 259 269 325 0.99965596 200 260 319 440 0.92329603 28 0 514 480 0.880663 208 188 305 329 0.8477094
01723 .jpg 288 211 337 266 0.9999304 184 154 434 334 0.9999833 268 200 384 286 0.99968296 261 108 371 265 0.99478984 92 0 549 480 0.89395726
01724 .jpg 221 121 517 277 0.9999963 281 138 402 236 0.9999223 202 27 547 480 0.99970263 312 172 469 263 0.9935777 33 27 640 246 0.98164403 336 164 387 235 0.94818056 287 141 336 209 0.73850745
01725 .jpg 320 217 367 281 0.99974936 181 189 475 328 0.9974296 320 213 454 295 0.9956447 220 211 361 289 0.8013542 311 208 410 400 0.66042054
01726 .jpg 296 200 347 252 0.997747 276 179 375 272 0.9128048 192 147 434 310 0.75886357
01727 .jpg 113 95 350 467 0.9999995 0 232 480 427 0.9994945 129 240 252 458 0.9994869 30 0 449 640 0.995263 179 123 317 306 0.9900738 127 131 242 348 0.9213653 171 327 313 443 0.90258336 189 173 227 234 0.6292551
01728 .jpg 271 186 340 234 0.9996246 253 138 350 239 0.9037351
01729 .jpg 231 135 383 234 0.99956065 196 126 448 318 0.96445966 269 171 359 225 0.69872946
01730 .jpg 201 177 444 294 0.9999999 261 221 386 309 0.9979978 121 0 501 355 0.9966916 341 219 411 298 0.9566949 0 141 640 265 0.9547805 233 175 352 254 0.92399246 574 127 640 194 0.8921632 578 153 617 191 0.64544815
01731 .jpg 317 161 358 229 0.978341
01732 .jpg 219 178 402 339 0.9999498 173 0 450 414 0.9446986 322 193 391 321 0.9347514 270 175 349 300 0.50499344
01733 .jpg 284 220 364 278 0.9999709 224 179 436 291 0.998133 293 196 403 374 0.5157386
01734 .jpg 141 230 371 359 0.9999887 43 99 448 385 0.99787253 119 33 343 161 0.99453866 173 233 297 305 0.9419228
01735 .jpg 230 48 478 343 0.9999832 155 0 583 480 0.9957474 264 130 399 234 0.98415077 283 220 441 342 0.9626113
01736 .jpg 237 198 289 324 0.9999232 129 189 445 358 0.98125994 227 106 316 328 0.9605137
01737 .jpg 271 184 364 260 0.9999975 218 152 423 291 0.99998 300 197 343 238 0.938206 155 10 483 309 0.8379568
01738 .jpg 209 314 237 346 0.99980843 194 302 246 354 0.998061 93 168 154 214 0.9964111 59 165 159 289 0.98899245 121 180 352 395 0.986675 197 266 315 361 0.9857697 297 408 369 463 0.9114742 120 263 245 364 0.5910479 180 192 323 267 0.55885667
01739 .jpg 137 239 240 346 0.9999759 172 264 217 336 0.99946004 67 212 291 406 0.999972 163 271 236 436 0.9878916 168 277 200 321 0.9822373 0 0 306 432 0.5891832
01740 .jpg 290 169 387 292 0.99934673 315 212 366 280 0.79415154
01741 .jpg 285 235 376 319 0.99999523 215 198 438 352 0.9999771 294 247 340 302 0.99920934 266 144 373 303 0.9598959 276 249 387 433 0.7349992 84 0 557 480 0.5041551
01742 .jpg 340 181 390 243 0.99969196 274 142 395 262 0.9871286 341 170 405 320 0.8404069 346 219 380 253 0.81978756
01743 .jpg 143 287 250 357 0.99996793 106 243 293 409 0.9999925 180 296 229 338 0.998089 188 283 262 467 0.9981944 98 149 305 640 0.9931777 203 380 259 447 0.9737508 142 297 184 353 0.8714402 148 303 174 334 0.8086359 9 0 470 640 0.7260764 182 272 312 350 0.5856788
01744 .jpg 197 234 327 398 0.99998236 223 328 295 391 0.99860173 41 203 380 363 0.7848069 220 289 292 364 0.63315755 13 42 468 597 0.5760103
01745 .jpg 88 219 265 387 0.99809813 172 236 249 354 0.9773136 127 297 227 388 0.94798326
01746 .jpg 284 203 341 251 0.99997675 436 231 482 272 0.9999435 196 156 547 331 0.99997294 423 207 582 289 0.9997024 262 189 392 299 0.9996023 133 0 640 480 0.9938526 266 101 368 252 0.99730664 531 190 581 247 0.9905719 423 147 487 282 0.9885919 390 103 640 324 0.9837408 409 233 491 296 0.9417245 134 13 422 300 0.6583381 430 220 538 387 0.5737765 435 178 480 221 0.5280266
01747 .jpg 264 223 330 286 0.999716 188 163 430 349 0.99927956 247 217 363 325 0.98906666 277 234 315 275 0.96910256 241 131 376 274 0.8917028 201 190 326 283 0.73592216 44 1 596 473 0.69310737
01748 .jpg 258 134 395 236 0.99990344 287 172 363 227 0.9995617 302 189 348 220 0.9937616 201 117 438 326 0.9609726
01749 .jpg 294 211 341 263 0.999979 180 161 444 336 0.9999907 273 196 385 294 0.99995065 82 0 558 480 0.97745484 257 101 374 269 0.95269823 228 218 341 318 0.8305233 464 266 514 322 0.642607 297 230 328 279 0.58149755
01750 .jpg 6 196 360 446 0.9999944 0 1 434 640 0.9987552 223 323 289 386 0.99837047 62 260 200 438 0.99668956 12 285 147 390 0.9954857 144 234 310 391 0.9848829 182 214 321 296 0.9652945 131 360 279 441 0.80189997
01751 .jpg 238 148 429 258 0.9997476 185 0 446 350 0.8345798
01752 .jpg 201 274 322 355 0.99999416 207 125 360 238 0.99957603 190 156 345 358 0.99938405 0 80 404 390 0.97508687 228 313 290 357 0.80359465 122 228 365 478 0.7237591 299 138 350 201 0.664979
01753 .jpg 173 107 410 293 1.0 195 131 337 193 0.99997306 56 0 487 463 0.99955606 0 55 583 221 0.9799429 221 141 304 295 0.9748951 252 144 394 224 0.9695828 317 141 427 273 0.95030314 201 130 252 187 0.9287674 367 200 425 267 0.885795 276 156 351 296 0.7981241 231 152 294 208 0.69096935
01754 .jpg 290 201 373 276 0.999977 239 155 425 298 0.9995253 286 171 372 395 0.93707484 186 0 451 344 0.62429464
01755 .jpg 296 109 365 327 0.9999999 183 149 437 325 0.99999917 296 223 357 297 0.99979 302 133 347 195 0.9964883 101 0 539 480 0.9879495 300 169 358 252 0.92204165 49 30 408 280 0.6012349
01756 .jpg 261 248 323 325 0.9997932 179 186 415 364 0.99940467 256 255 403 343 0.99210674 273 264 308 310 0.97095793 228 162 339 308 0.96980524 270 255 314 283 0.77368194 35 0 480 543 0.6804948
01757 .jpg 228 215 296 316 0.9999906 151 191 398 333 0.999383 246 259 275 302 0.93351984 232 217 332 430 0.8182432
01758 .jpg 144 73 388 309 0.9999993 50 0 492 480 0.9993882 209 88 339 219 0.9884618 211 161 343 289 0.97208345 264 118 341 185 0.92138684 170 92 256 211 0.8352225 0 0 555 197 0.7354581 414 207 481 337 0.6946125 0 86 303 402 0.66263884 216 213 290 288 0.51349026
01759 .jpg 186 148 430 299 0.99996114 334 133 395 257 0.985785 69 52 488 267 0.9782635 75 149 307 322 0.9124582 0 0 543 480 0.8908628 244 140 379 237 0.5966394 238 173 310 243 0.53670734
01760 .jpg 370 231 421 295 0.99998546 348 215 449 325 0.9880597 295 178 515 340 0.8437251
01761 .jpg 314 290 379 355 0.99991083 203 236 437 419 0.99972624 248 261 378 361 0.9871488 303 291 404 452 0.90689665 68 0 572 480 0.76649016
01762 .jpg 160 162 395 343 0.9999964 257 169 343 308 0.9998622 20 0 523 480 0.99530494 310 283 345 318 0.9847834 143 293 180 342 0.9690798 275 270 351 318 0.7486616 245 162 337 214 0.71756935 265 232 315 288 0.6765919 250 224 359 430 0.505597
01763 .jpg 212 267 343 438 0.99905616 258 360 313 432 0.99538636 237 243 346 336 0.98539597 119 198 386 471 0.9790787 164 237 298 335 0.60736465
01764 .jpg 285 271 341 328 0.99978876 215 229 426 365 0.9888061 279 255 364 379 0.6043257 246 349 283 378 0.5071782
01765 .jpg 261 200 355 274 0.9999906 204 168 397 290 0.99897647 253 212 368 381 0.65996057
01766 .jpg 249 239 337 327 0.9997093 179 219 426 337 0.85298216
01767 .jpg 266 159 356 255 0.9999969 200 154 425 274 0.99998236 230 52 352 250 0.9334786 298 185 345 248 0.86886 168 0 451 426 0.75798774
01768 .jpg 297 217 327 251 0.9996895 278 188 378 276 0.9994927 194 121 424 351 0.9997917 284 205 338 259 0.997095 148 0 570 384 0.98471946 264 163 326 254 0.83013093 249 205 371 381 0.79673725 244 82 344 261 0.6979904
01769 .jpg 269 91 433 357 0.9999491 289 118 370 239 0.99868906 110 0 531 480 0.99547416
01770 .jpg 219 190 360 335 0.99996805 151 0 384 419 0.73603314 231 210 296 277 0.64869916 16 175 470 316 0.6429819
01771 .jpg 210 167 436 297 0.9999864 283 207 387 279 0.9998176 161 0 556 347 0.8498519 184 101 449 480 0.7681061
01772 .jpg 217 172 323 348 0.9931092 224 266 298 337 0.79221237
01773 .jpg 239 173 511 350 0.9999964 150 30 640 381 0.9844249 263 238 403 346 0.8790491 275 177 399 296 0.7839556
01774 .jpg 297 180 371 287 0.9919653 317 228 364 283 0.97678167 217 183 428 312 0.68983805
01775 .jpg 302 219 388 324 0.9999862 224 203 432 362 0.9998646 177 18 541 388 0.7148718 314 278 381 327 0.6565178
01776 .jpg 270 212 364 294 0.9999825 278 212 329 263 0.8453366 217 181 412 359 0.7531427
01777 .jpg 322 279 369 322 0.99998593 227 241 489 376 0.99999416 313 264 380 367 0.9999217 306 182 407 329 0.99794924 208 0 511 461 0.9494865 110 156 621 351 0.9090186 329 256 434 438 0.8328467 265 252 363 342 0.7973149
01778 .jpg 255 190 325 235 0.625901
01779 .jpg 132 22 498 368 0.99992883
01780 .jpg 315 147 446 277 0.99979234
01781 .jpg 300 196 375 277 0.9998872 236 166 434 328 0.99994326 321 223 353 258 0.9891736 276 96 392 277 0.9938566 306 213 345 251 0.8995983 138 80 586 323 0.87753344 216 145 506 480 0.7120227 287 213 352 329 0.7018145 295 216 317 247 0.5580853 315 187 385 397 0.5502862
01782 .jpg 185 156 440 349 0.9999889 198 143 288 232 0.9999112 291 205 388 330 0.9988505 83 0 532 386 0.9868236 287 271 364 327 0.9855709 185 15 296 247 0.861897
01783 .jpg 261 187 403 357 0.9999976 127 156 461 404 0.9991039 272 279 358 353 0.98946834 53 0 490 480 0.97739863 348 189 405 329 0.97364634 267 174 397 238 0.92726606 268 207 322 345 0.8246121 417 163 480 212 0.7848625 49 91 595 290 0.65759796
01784 .jpg 295 224 381 311 0.99999166 210 204 450 331 0.9999641 339 234 382 287 0.9081175 275 111 403 308 0.6378116
01785 .jpg 316 225 387 287 0.99997866 231 189 439 292 0.9622484 311 232 394 376 0.7860897
01786 .jpg 262 191 340 283 0.99997056 198 178 412 302 0.99996305 280 226 321 267 0.9957051 275 200 391 390 0.9142468 166 0 456 355 0.841015 280 236 338 294 0.5555191
01787 .jpg 174 234 397 314 0.99998796 116 68 438 353 0.9858925 310 213 432 330 0.7585592
01788 .jpg 171 290 221 347 0.99987435 56 265 333 364 0.99987817 146 281 251 362 0.9995296 149 305 263 448 0.61946183 141 176 274 353 0.53589404
01789 .jpg 309 190 383 262 0.9999076 242 149 474 303 0.9819055 278 109 398 245 0.56563234
01790 .jpg 445 82 553 210 0.9996095 49 255 92 313 0.99875516 37 207 146 392 0.9961939 291 163 333 297 0.8553983 466 127 534 192 0.65100294
01791 .jpg 267 240 314 300 0.99999464 251 230 358 310 0.99984145 160 204 409 339 0.9997981 261 246 317 399 0.7131909 219 135 311 298 0.7032267
01792 .jpg 328 252 389 302 0.99997306 241 189 479 376 0.9999832 310 214 413 314 0.99991095 328 241 430 424 0.99824184 145 0 593 480 0.880542
01793 .jpg 187 113 467 299 0.9999697 42 0 599 424 0.9913234 257 130 399 239 0.9862427 263 196 406 290 0.7917963
01794 .jpg 302 231 332 271 0.999984 288 199 346 274 0.99992156 189 184 442 313 0.999519 294 206 411 293 0.993316 268 131 366 268 0.8450802 286 218 365 372 0.6267015
01795 .jpg 282 232 328 292 0.99998665 269 160 340 301 0.99956626 186 176 384 337 0.99938834 401 240 433 268 0.5561066
01796 .jpg 205 336 260 431 0.991268 0 317 22 404 0.5952924
01797 .jpg 279 77 428 164 0.9988341 256 1 484 221 0.9967655 396 6 454 107 0.84841806 294 94 342 149 0.70677406 315 0 450 112 0.5029619
01798 .jpg 231 172 341 262 0.9999894 182 140 417 306 0.99953794 288 174 334 231 0.9789551 282 200 339 258 0.88672215 242 202 327 345 0.83285844 240 207 288 257 0.76453334 133 0 399 383 0.5205074
01799 .jpg 200 146 415 309 0.9999734 48 0 593 395 0.9685605 231 118 353 231 0.9509758 246 185 332 290 0.9493485 343 134 420 272 0.7561451
01800 .jpg 139 155 409 315 0.9999994 242 203 376 274 0.9999894 253 210 298 250 0.99108905 224 94 357 274 0.998887 66 0 546 397 0.99417764 241 168 300 254 0.9799045 224 211 356 373 0.9277855 246 219 308 286 0.6104871
01801 .jpg 0 13 481 408 1.0 229 60 393 337 0.9999795 319 107 388 219 0.9998858 191 224 341 333 0.9994298 50 169 327 370 0.9994624 115 24 292 283 0.99882823 199 266 281 322 0.9967252 307 133 370 305 0.9233769
01802 .jpg 223 103 344 363 0.9999968 144 194 358 449 0.99770385 47 19 434 522 0.9945562 192 314 308 429 0.9822659 258 110 342 231 0.96977156 266 165 324 337 0.7025381 231 202 309 277 0.51710206
01803 .jpg 250 105 367 219 0.99997234 196 89 449 268 0.999609 298 130 353 204 0.9981051 308 147 340 192 0.9109278 273 162 353 223 0.84088683 63 0 577 480 0.7554443 414 334 543 414 0.70652246 227 147 355 315 0.51270074
01804 .jpg 154 238 232 335 0.9999759 74 218 284 385 0.7807411 176 268 211 316 0.5007091
01805 .jpg 95 45 541 355 0.9999987 82 72 385 193 0.9999224 407 167 481 266 0.99988794 230 86 308 192 0.99980944 312 249 387 311 0.9981959 332 76 474 273 0.99728173 142 0 640 480 0.9950416 192 230 333 296 0.9948634 114 65 226 161 0.9943114 33 0 397 257 0.99145335 218 80 351 328 0.9650822 308 108 410 212 0.9499933 422 184 455 230 0.92427164 396 126 503 379 0.86584276 425 216 476 269 0.8419907 129 83 177 133 0.70145476
01806 .jpg 116 221 420 349 0.9999933 18 145 630 341 0.9998448 305 221 469 327 0.9999608 164 263 314 367 0.99720037 34 0 605 480 0.9763551 136 153 386 480 0.8290639 171 302 258 360 0.7712029 219 243 303 323 0.5751415 178 261 247 335 0.5748677 374 278 450 315 0.5419113 89 0 357 369 0.53151876
01807 .jpg 240 116 355 349 0.99994755 248 127 317 248 0.9577978
01808 .jpg 300 183 373 281 0.99998856 206 160 455 288 0.99999726 132 4 512 320 0.9990397 283 146 380 401 0.9099207 317 210 353 256 0.8904117 66 0 574 480 0.8117761
01809 .jpg 189 146 449 311 0.99999416 277 211 341 276 0.9999833 256 142 357 278 0.99986386 69 0 571 480 0.9849439 282 226 322 262 0.97608596 358 216 408 277 0.9608855 13 0 440 316 0.8726468 269 221 408 320 0.82004 315 133 399 278 0.7410568
01810 .jpg 165 95 401 290 0.9997551 293 183 351 244 0.99954265 220 158 344 255 0.9947401 140 13 217 158 0.99422306 165 15 214 88 0.990862 287 179 423 261 0.989609 31 0 512 330 0.986732 108 0 353 213 0.91978395 258 54 364 243 0.80233467
01811 .jpg 169 239 267 325 0.99999416 86 215 324 384 0.9979904 191 258 225 295 0.78590417 55 133 332 598 0.7385269 171 251 280 444 0.570824
01812 .jpg 269 223 306 271 0.9999157 193 141 423 340 0.9982306 257 185 317 282 0.9971191 263 197 389 300 0.9133132 383 63 421 157 0.7787977 68 0 572 480 0.7230686 215 104 315 287 0.6580837
01813 .jpg 161 149 471 331 0.9999932 265 230 335 281 0.99996567 259 210 411 292 0.9998312 71 0 569 480 0.99744916 501 325 571 392 0.9968464 180 196 331 295 0.9856621 226 127 356 275 0.9754798 440 190 561 404 0.7583236 275 140 631 438 0.6178022
01814 .jpg 308 177 372 249 0.9991985 214 26 284 91 0.5917872
01815 .jpg 148 179 358 319 0.99978286 239 216 314 300 0.99947625 475 87 539 163 0.99828184 124 0 402 351 0.6709352
01816 .jpg 194 224 228 260 0.99927616 324 178 362 213 0.9957523 180 198 244 275 0.98371214 61 170 370 328 0.9531357 216 166 254 205 0.734504 305 155 366 249 0.59218514
01817 .jpg 241 96 384 300 0.99989796 268 182 357 287 0.99078465 250 117 321 175 0.9031038
01818 .jpg 227 165 432 340 0.9999709 301 220 372 297 0.99993837 315 235 353 279 0.9306044 142 72 576 331 0.890349 298 217 406 420 0.7809561
01819 .jpg 160 206 441 292 0.99999714 214 189 314 314 0.99970627 169 87 497 343 0.9978943 211 239 275 303 0.8465178 315 189 415 250 0.6746062
01820 .jpg 253 160 398 389 0.9999883 298 242 377 360 0.98242855 92 17 549 457 0.97987217 326 164 390 293 0.8702009
01821 .jpg
01822 .jpg 154 266 276 348 0.56955284 153 285 197 338 0.5285211
01823 .jpg 282 236 462 310 0.9999838 63 161 494 415 0.9995936 159 272 289 409 0.999785 15 0 625 480 0.98463404 194 355 285 408 0.8145685 278 140 451 361 0.6585847
01824 .jpg 153 207 420 375 0.9999981 247 262 308 321 0.9998097 243 234 377 332 0.99986315 37 0 506 480 0.9907899 237 259 332 425 0.9751293 226 158 314 333 0.80352306
01825 .jpg 158 110 494 308 0.9999887 43 0 598 393 0.99845856 194 162 334 285 0.99335736 284 160 429 297 0.9762717 265 134 395 229 0.91403115
01826 .jpg 325 220 396 323 0.999941 235 191 486 373 0.9999442 336 240 381 285 0.9711359 299 122 426 300 0.9302594 126 0 612 480 0.9145553 63 54 491 353 0.5302494
01827 .jpg 306 209 364 251 0.99979305 251 176 372 267 0.9992648 202 138 415 320 0.9991462 295 209 374 333 0.96313137
01828 .jpg 266 184 347 382 0.9999937 280 300 318 370 0.99883 306 42 349 89 0.9735674 277 195 346 255 0.92094785 192 218 376 429 0.8900848
01829 .jpg 262 176 363 315 0.9999567 229 95 415 334 0.83844167 283 243 342 316 0.6412898
01830 .jpg 257 222 350 293 0.99999416 181 177 389 321 0.99996734 146 0 393 361 0.9011561 173 153 450 480 0.83706206 252 227 358 413 0.83690876
01831 .jpg 205 202 348 324 0.9999908
01832 .jpg 241 144 406 397 0.99998105 160 0 550 410 0.9931336 203 291 374 405 0.8872607 356 182 400 327 0.77485025 357 209 402 254 0.6073502 319 101 362 154 0.51586396
01833 .jpg 283 247 311 284 0.99997616 272 234 327 292 0.99985576 209 172 414 332 0.99970835 257 188 346 288 0.99829614 252 234 362 399 0.65294033 265 228 312 267 0.62315226
01834 .jpg 142 127 596 362 0.99956435 345 208 506 331 0.99597114 190 196 395 356 0.98957187 97 0 640 480 0.96853286 409 223 491 299 0.5782059 366 138 433 199 0.5747172
01835 .jpg 301 180 392 259 0.9999703 274 89 406 259 0.9856575 608 241 632 270 0.82492214 286 195 389 360 0.7962193 422 234 493 301 0.51757604
01836 .jpg 259 186 330 271 0.9999683 182 164 423 299 0.9984315 247 97 363 272 0.9561968 265 230 321 280 0.8954883 275 207 305 258 0.8915369 257 174 348 380 0.88251185
01837 .jpg 269 175 338 262 0.9996773
01838 .jpg 302 283 411 378 0.9999198 232 207 504 404 0.9998096 102 33 637 480 0.8272124
01839 .jpg 313 226 389 325 0.9996944 324 259 369 316 0.998119 267 201 476 353 0.8375552
01840 .jpg 154 219 470 376 0.999974 201 267 357 367 0.999923 361 217 492 281 0.99915063 101 21 532 400 0.99793434 296 180 525 330 0.99487036 148 0 640 480 0.76745117 308 291 354 345 0.5970473
01841 .jpg 221 102 427 397 0.99984145 108 17 533 480 0.98963696 293 150 406 269 0.96058327 239 266 384 395 0.8455263
01842 .jpg 295 251 336 299 0.9999248 270 203 352 312 0.99962604 201 188 430 378 0.99762064 274 253 347 382 0.90435874 299 245 368 324 0.534427
01843 .jpg 261 235 325 285 0.99200165 280 253 315 277 0.77885675 265 205 335 261 0.56706214
01844 .jpg 279 229 375 319 0.9999753 293 270 355 318 0.999215 223 183 424 345 0.99459785
01845 .jpg 237 126 349 241 0.99996054 273 136 320 185 0.99976134 193 74 433 258 0.99753094 270 189 336 246 0.8442711 113 0 503 329 0.82186437 274 205 308 241 0.76685655
01846 .jpg 132 0 354 640 0.99999404 161 192 338 470 0.99934536 163 54 391 303 0.98903006 177 154 292 267 0.98623794 231 177 291 229 0.9863641 182 9 325 124 0.9707419 169 342 281 458 0.9456216 0 108 403 451 0.9137885 23 0 480 349 0.9037931 230 176 318 289 0.89939344 171 415 244 459 0.74966735 192 264 305 401 0.65995306
01847 .jpg 69 203 276 340 0.99997187 0 21 445 383 0.551579
01848 .jpg 203 321 246 364 0.99991906 198 295 261 376 0.99845254 92 267 299 447 0.98555076 0 92 159 179 0.6834124 99 269 157 404 0.58970386
01849 .jpg 92 150 335 336 0.999998 169 174 245 266 0.99993 189 193 232 232 0.9578364 159 105 301 264 0.97825396 7 0 436 480 0.9454707 191 186 279 345 0.9296046 0 11 312 299 0.6495285 429 14 527 102 0.5922067
01850 .jpg 179 308 228 368 0.999884 171 300 266 403 0.9933816 59 263 312 461 0.9860439 45 369 102 487 0.9534123
01851 .jpg 163 313 254 394 0.99955755 144 260 271 455 0.7971494 174 338 220 384 0.5262067
01852 .jpg 264 199 384 362 0.9989443 280 274 354 348 0.99786323 380 407 412 437 0.8157707 270 277 401 456 0.65754145
01853 .jpg 297 227 366 296 0.9999521 226 175 436 347 0.9999275 289 216 381 395 0.9992893 280 119 387 293 0.9970218 309 234 341 276 0.96484405 307 226 446 318 0.883381 131 55 584 351 0.823735
01854 .jpg 212 184 299 302 0.99999607 231 222 283 288 0.99972093 94 150 370 398 0.99977833 198 63 334 314 0.9839044 0 0 460 480 0.9569456 202 208 316 432 0.93630224
01855 .jpg 304 223 352 281 0.9999591 220 195 429 304 0.9997445 280 231 384 299 0.99057597 257 135 374 273 0.96570414 182 0 444 405 0.7030224
01856 .jpg 430 175 495 317 0.9996004 439 251 485 314 0.99713147 350 139 521 337 0.99558556
01857 .jpg 136 40 426 349 0.99999464 87 0 612 480 0.9996445 190 119 327 305 0.9986141 310 127 372 189 0.99704206 272 117 387 284 0.94097304 208 135 254 181 0.9319939 247 20 376 182 0.90909207 209 118 361 185 0.65917474 11 0 335 293 0.5629964 319 125 449 237 0.5510148
01858 .jpg 195 197 466 329 0.99999833 57 99 585 322 0.99928606 343 205 487 288 0.9952375 254 199 394 278 0.9930983 322 210 390 322 0.9911141 136 0 485 480 0.9907025 442 230 484 278 0.9860079 242 240 364 339 0.9846339 296 131 611 480 0.6269431 421 219 547 281 0.5594419
01859 .jpg 309 195 349 254 0.99999785 192 151 450 293 0.99981266 285 171 379 262 0.9997645 303 185 408 359 0.93207866
01860 .jpg 280 222 352 277 0.9992452
01861 .jpg 260 157 343 263 0.99997354 180 125 391 287 0.99961674 153 0 471 365 0.91588455 363 72 432 119 0.8642751 263 217 323 268 0.7126843
01862 .jpg 250 123 367 226 0.9885804
01863 .jpg 237 262 314 382 0.999977 160 208 310 403 0.9759883 144 429 273 548 0.6389839
01864 .jpg 193 164 455 305 0.9999691 277 201 394 283 0.9993269 137 0 507 338 0.9987228 208 212 270 285 0.83150727 315 108 439 236 0.6861567
01865 .jpg 299 234 363 298 0.9998808 281 228 413 326 0.99761444 282 151 422 289 0.58758193
01866 .jpg 290 205 335 260 0.9996944 280 175 366 269 0.9956614 208 160 424 323 0.80357206
01867 .jpg 272 19 422 143 0.6720927
01868 .jpg 211 190 468 304 0.9999995 286 177 348 310 0.999964 237 74 523 356 0.99600315 305 250 392 319 0.97896975 340 202 424 317 0.9059254 289 185 339 238 0.86562085 188 0 622 478 0.55929863 299 181 410 246 0.550503
01869 .jpg 287 243 321 276 0.9997403 245 217 328 283 0.9999906 188 203 418 317 0.9994017 228 131 350 272 0.91473854 261 230 340 366 0.8687174
01870 .jpg 190 248 263 309 0.99989986 169 242 327 367 0.9555465 284 37 333 188 0.5236955
01871 .jpg 264 249 317 296 0.9999815 249 232 351 306 0.9995282 175 196 393 344 0.9990221 258 246 361 398 0.793685 216 154 322 289 0.6511056
01872 .jpg 135 213 364 352 0.99998534 212 233 301 316 0.9999547 234 257 273 303 0.98673457 222 250 330 398 0.9878994 98 0 372 395 0.9224011 202 164 322 299 0.8447306 0 0 480 640 0.7769052
01873 .jpg 309 287 358 336 0.99981123 220 244 445 400 0.99995935 292 274 388 357 0.9997996 261 159 368 345 0.9867696 303 286 406 445 0.9414371 150 110 568 398 0.92432183
01874 .jpg 309 155 368 201 0.9999951 236 106 492 302 0.9977902 406 197 468 269 0.99349356 232 149 290 202 0.9913133 286 146 408 241 0.977089 302 46 376 215 0.96068865 168 97 215 147 0.9230444 337 169 464 282 0.75650597
01875 .jpg 180 184 398 291 0.9999999 249 200 337 283 0.9999958 267 214 310 258 0.99890816 127 0 411 351 0.99619967 233 209 330 383 0.9719228 226 105 352 266 0.9662957 0 124 640 283 0.9443871 281 235 315 272 0.90321016 272 216 418 329 0.6499545 219 134 490 480 0.6049735
01876 .jpg 230 218 278 332 0.99998045 216 188 344 378 0.9992374 237 270 269 318 0.9987089
01877 .jpg 202 209 281 333 0.9999906 139 202 385 352 0.99940974 218 250 267 320 0.997555
01878 .jpg 256 234 345 336 0.99937284 254 262 361 427 0.67493576 179 211 396 343 0.6421762 359 197 382 226 0.5223508
01879 .jpg 279 193 374 312 0.99969727 297 256 359 307 0.9985352 198 179 415 375 0.99172616
01880 .jpg 248 186 346 296 0.9999907 146 182 397 355 0.92701465 298 208 349 281 0.72619385 228 75 378 289 0.5544692
01881 .jpg 208 167 325 292 0.9975822 130 132 411 296 0.9906447 194 231 282 290 0.80608076
01882 .jpg 265 153 417 284 0.9999763 288 196 369 271 0.974656 194 25 462 297 0.68820673 324 226 398 284 0.5214373
01883 .jpg 208 299 279 360 0.9996922 134 231 362 409 0.9968747 214 308 250 343 0.9873326 209 305 350 394 0.9271263 200 207 294 358 0.91022563
01884 .jpg 299 239 341 284 0.9999597 197 153 448 354 0.99955297 298 222 432 292 0.99777544 291 225 352 317 0.9970452 245 129 371 278 0.9735735 230 215 337 290 0.97167 39 4 602 470 0.95225704 244 230 373 354 0.74112755
01885 .jpg 249 195 309 311 0.9999665 247 145 367 321 0.95568675 264 216 298 260 0.5029291
01886 .jpg 270 223 364 314 0.99993753 306 239 351 293 0.9997418 226 190 423 349 0.9963987
01887 .jpg 541 181 609 240 0.9885392 27 246 319 453 0.9793439 147 291 267 413 0.81958514 536 177 640 280 0.5604101 368 184 481 429 0.5297839 0 94 447 480 0.50293756
01888 .jpg 161 133 421 438 0.9999982 223 120 356 305 0.999651 1 0 541 480 0.9911673 202 263 331 382 0.9718012 205 290 243 350 0.9666364 45 17 416 299 0.84814876
01889 .jpg 161 266 241 391 0.96759045 172 261 245 317 0.88887364
01890 .jpg 262 179 421 303 0.99999857 327 214 393 284 0.99988866 260 202 311 263 0.9993577 222 96 538 334 0.9987379 342 230 375 276 0.9955113 327 199 434 400 0.97513676 45 104 503 480 0.8126508
01891 .jpg 161 103 366 317 0.9999622 197 140 335 230 0.92910135 12 0 531 396 0.8740664
01892 .jpg 91 137 273 236 0.9999392 105 158 191 223 0.8728423 163 173 253 229 0.7378774 71 123 297 383 0.7346386
01893 .jpg
01894 .jpg 290 204 353 295 0.9998585 157 186 488 369 0.9997837 252 133 559 480 0.9840562 306 223 339 270 0.9770926 283 199 384 397 0.9765852 79 35 640 437 0.9219155 239 391 281 437 0.6447122
01895 .jpg 28 3 604 314 0.99997354 169 119 471 285 0.9998741 110 0 627 480 0.54528576
01896 .jpg 216 181 293 263 0.9999913 151 154 360 297 0.9980339 231 199 271 241 0.97732496 212 99 318 253 0.98910594
01897 .jpg 281 232 383 343 0.99420786 286 279 327 329 0.99129343 278 111 355 208 0.63090193
01898 .jpg 235 238 382 335 0.99977905 299 263 351 326 0.9995356 180 231 443 406 0.9615583 278 283 346 350 0.55803055
01899 .jpg 269 237 329 283 0.99989486 195 178 377 320 0.99999154 255 174 334 284 0.98886377 144 0 392 367 0.93382025 261 233 343 350 0.8567972
01900 .jpg 195 176 377 324 0.99997246 275 216 333 274 0.99983525 241 165 333 264 0.9485582 137 0 397 406 0.9228084 45 95 584 311 0.8775989 204 145 512 480 0.6251076 282 196 359 305 0.5016508
01901 .jpg 206 154 379 301 0.9999999 280 194 346 252 0.99992275 227 202 327 259 0.9848132 69 2 546 316 0.9022892 210 189 278 303 0.9001302 301 203 366 287 0.8459332 151 80 402 480 0.5616067
01902 .jpg 244 192 319 275 0.99999833 174 167 390 304 0.99999976 264 210 304 255 0.9845236 233 203 338 386 0.9952983 210 103 325 260 0.9933803 129 0 411 345 0.9900075 20 0 522 480 0.67887425
01903 .jpg 301 287 366 346 0.9999565 149 207 201 258 0.99808407 400 341 466 402 0.997092 221 277 285 329 0.9934137 224 267 345 344 0.93757075 251 262 470 404 0.9305437 315 313 354 343 0.66674 295 211 384 346 0.6249594 173 217 199 249 0.6211949 149 100 213 259 0.53405154
01904 .jpg 213 202 403 306 0.99999905 235 217 320 276 0.969025 181 0 436 442 0.8814923 255 238 348 298 0.64488506 314 207 387 285 0.59772503
01905 .jpg 357 213 400 258 0.9999676 255 149 493 319 0.9998783 346 181 415 270 0.9993952 334 112 443 257 0.99657184 338 208 504 288 0.9082996 121 0 618 480 0.76917046
01906 .jpg 233 202 323 283 0.99996924 180 176 351 320 0.99750984
01907 .jpg 286 231 358 305 0.99910915 246 114 371 306 0.84854746 293 242 334 280 0.8251225 271 240 388 404 0.7742328
01908 .jpg 256 204 416 280 0.9999567 349 212 404 279 0.9859416 228 117 504 313 0.9110388 290 165 403 395 0.83125156
01909 .jpg 349 236 453 346 0.9970738
01910 .jpg 282 184 318 216 0.999088 258 114 344 243 0.9990616 260 181 323 234 0.9980415 490 183 524 217 0.98549694 464 127 500 160 0.96095085
01911 .jpg
01912 .jpg 305 185 351 231 0.999728 292 160 365 244 0.9984638 220 132 434 267 0.98959816 265 74 368 228 0.50930053
01913 .jpg 26 0 505 436 0.9996157 50 145 311 308 0.98505795 130 158 250 270 0.82828945 244 45 476 239 0.6748303
01914 .jpg 218 151 333 283 0.99990594
01915 .jpg 431 360 467 387 0.99239904 307 105 345 141 0.6075354
01916 .jpg 190 159 443 303 0.99923885 193 325 290 414 0.99786675 125 47 430 480 0.9970607 33 0 608 311 0.5848614 178 169 339 244 0.5456578
01917 .jpg 184 79 244 128 0.99904215 170 28 253 134 0.9816129 96 6 340 199 0.9765029 129 85 247 152 0.6847858
01918 .jpg 292 217 356 266 0.999977 207 160 448 327 0.99998844 282 208 368 351 0.99187624 273 158 379 272 0.99197346 82 0 559 480 0.9402483 256 204 327 269 0.74263424 290 210 328 243 0.6298389
01919 .jpg 285 124 459 368 0.9999912 336 244 454 349 0.9900371 180 407 220 457 0.59212023
01920 .jpg 207 155 413 302 0.9981876 250 177 321 249 0.99119675
01921 .jpg
01922 .jpg 422 210 467 260 0.9800824 409 171 545 271 0.9760986 292 132 568 324 0.8276443 267 176 341 285 0.7525344
01923 .jpg 198 105 225 158 0.9396635 163 93 300 356 0.90283453 143 422 217 480 0.7410396 261 194 292 230 0.6825896 180 98 249 166 0.6397859
01924 .jpg 142 145 419 369 0.99998665 12 31 531 441 0.99693525 184 188 300 324 0.9878715
01925 .jpg 168 100 492 375 0.99961126 107 0 631 480 0.9706736 241 147 362 272 0.88947713
01926 .jpg 149 309 487 430 0.99996305 295 332 363 402 0.9998981 125 129 592 480 0.99014497 215 327 352 417 0.9482117 298 339 336 381 0.93537724 280 209 396 404 0.8728351 274 312 392 480 0.6825137
01927 .jpg 286 232 331 276 0.99956906 277 227 403 281 0.98587275 176 183 443 325 0.9793902 273 135 345 288 0.8954438 238 223 338 293 0.79995847 426 3 484 103 0.59053886
01928 .jpg 262 140 394 296 0.9999343 288 311 341 354 0.9996368 276 216 398 375 0.9978976 224 122 421 453 0.99705267 109 9 531 480 0.91724735 405 28 446 64 0.9176635 390 9 521 69 0.8114977
01929 .jpg 214 273 361 333 0.999039 545 159 640 245 0.70994675 176 217 379 356 0.5809978
01930 .jpg 356 280 402 316 0.9908877 521 233 593 283 0.72017866
01931 .jpg 295 195 378 277 0.99992096 214 191 449 296 0.99917907 489 319 536 375 0.99846923 459 305 560 380 0.9257317 218 137 523 480 0.9058714 285 211 390 374 0.61212796
01932 .jpg 281 128 352 187 0.9993942 226 89 432 267 0.9915097 314 140 351 177 0.7643541 248 28 374 177 0.6728629 260 143 364 303 0.6706411 336 27 380 77 0.5046644
01933 .jpg 306 171 379 247 0.9998745 330 175 370 213 0.99571395 248 128 424 278 0.99538785 290 77 390 219 0.9576255 319 185 357 224 0.91252035 368 95 413 132 0.85318595 80 89 121 128 0.81279016
01934 .jpg 214 279 284 364 0.9999596 157 251 356 377 0.99880826 233 296 275 339 0.9820385 208 292 299 464 0.9335794 135 10 424 456 0.71195126
01935 .jpg 181 135 430 374 0.99999523 262 205 390 338 0.99958235 242 146 380 269 0.9896394 77 0 466 480 0.9514832 322 161 382 307 0.8810292 217 166 308 336 0.8163747
01936 .jpg 291 163 342 225 0.997963 205 122 426 281 0.99915665 272 149 372 249 0.9984852 229 71 350 221 0.95091516 410 244 486 295 0.5585041
01937 .jpg 396 174 458 296 0.96105474
01938 .jpg 312 127 439 226 0.98704606 255 243 323 293 0.9779014 421 301 502 359 0.9745058 287 120 539 343 0.770407
01939 .jpg 194 94 232 118 0.99502283
01940 .jpg
01941 .jpg 298 218 432 353 0.9984747
01942 .jpg 182 93 248 157 0.67372465
01943 .jpg
01944 .jpg 246 130 524 474 0.9999999 131 0 640 480 0.99999976 276 280 439 407 0.9999249 411 138 555 318 0.9989466 0 217 601 376 0.9937174 335 164 485 314 0.99360174 418 141 535 213 0.9911868 308 339 396 398 0.9894244 360 274 482 379 0.9857697 482 138 525 190 0.8813575 348 321 428 389 0.8293114 325 271 427 348 0.7869695 276 242 353 379 0.7100837
01945 .jpg 289 287 316 319 0.66168976
01946 .jpg 355 75 580 229 0.9999248 364 89 507 150 0.9997435 301 0 614 305 0.89539784
01947 .jpg 234 111 304 258 0.9997435 140 117 367 270 0.9901273 253 178 298 242 0.7987561
01948 .jpg 239 0 597 480 0.99292964 304 91 543 289 0.7406074
01949 .jpg 131 36 612 367 0.99993134 338 106 577 290 0.99498445 368 157 495 243 0.95330274 420 153 535 338 0.9422203 366 175 414 241 0.8181941 57 0 390 286 0.64599144 508 371 640 480 0.64012015
01950 .jpg 137 104 396 290 0.99842846 192 49 515 441 0.94885164 173 118 293 245 0.9434005 284 119 420 373 0.74186647
01951 .jpg 176 187 334 260 0.9997198 424 282 455 315 0.9894004 117 172 492 308 0.9877609 295 167 424 227 0.89106625 115 0 414 363 0.844894 317 189 350 232 0.759965 185 200 247 250 0.6193034 410 271 464 323 0.60911024 159 411 301 480 0.5431902
01952 .jpg 242 181 385 279 0.99811465 239 212 297 272 0.98705024 302 189 370 259 0.9104817
01953 .jpg 135 192 371 405 0.9999939 7 4 437 480 0.98953223 216 206 340 313 0.92832583 197 237 278 364 0.767981 186 300 329 383 0.71001655
01954 .jpg 197 162 437 347 0.9999865 271 214 365 308 0.99992263 64 0 576 471 0.98246014 516 167 547 204 0.9863108 253 230 370 409 0.9419872 298 233 332 274 0.9294678 303 203 440 307 0.59221584 311 224 357 290 0.58813614
01955 .jpg 292 211 345 264 0.9999747 182 173 449 309 0.99999607 269 197 384 287 0.9999424 146 0 477 374 0.9790904 254 111 373 258 0.96666497 58 120 597 283 0.9479923 195 206 339 281 0.8622532 283 224 419 361 0.7537496
01956 .jpg 181 115 380 262 0.9996443 250 136 332 232 0.9988584 268 174 317 227 0.97859806 126 0 407 341 0.80684274
01957 .jpg 333 93 620 229 0.99981725 426 132 490 195 0.9995834 440 148 475 187 0.96830076 301 10 554 461 0.9199964 203 0 640 480 0.90311193 342 383 385 430 0.8471165 435 140 582 256 0.79228926 378 23 492 191 0.62941927
01958 .jpg 271 222 323 277 0.99953634 216 305 256 354 0.9911005 243 206 333 350 0.97169524 175 194 440 373 0.92902434 214 293 313 374 0.9007654 382 272 449 323 0.6786607
01959 .jpg 204 111 401 265 0.9998859 261 176 371 262 0.9970629 288 113 375 216 0.96980846 132 0 417 287 0.8681156 260 177 326 225 0.5415988
01960 .jpg 230 105 425 266 0.9999956 243 124 331 239 0.9977179 182 0 460 299 0.9857901 88 0 552 480 0.8023105 322 117 406 234 0.71238637
01961 .jpg 487 110 536 164 0.99974144 317 0 639 427 0.9998096 395 60 640 239 0.99828416 466 95 596 194 0.9984437 126 87 508 480 0.98525333 443 202 561 290 0.9813447 392 81 530 183 0.8432781
01962 .jpg 181 79 270 221 0.97606426 101 347 174 413 0.9708997 335 10 529 111 0.9014605
01963 .jpg 289 223 417 299 0.99970406 210 191 448 348 0.94805443 198 208 261 269 0.7173046
01964 .jpg 267 155 380 334 0.99986887 338 292 379 327 0.70834213 296 281 377 333 0.70766675 256 140 360 223 0.6811771 218 113 498 311 0.57664186
01965 .jpg 313 251 363 282 0.81917965
01966 .jpg 287 215 368 320 0.9999702 238 143 475 352 0.9998145 327 131 442 266 0.98989964 294 218 338 276 0.9334761 141 0 597 480 0.71354836 293 212 415 430 0.55336326
01967 .jpg
01968 .jpg 255 182 560 292 0.9626581 51 159 297 292 0.7261482
01969 .jpg 100 195 143 251 0.79400206 371 383 407 421 0.78014284
01970 .jpg 372 117 486 331 0.6657729
01971 .jpg 385 341 418 373 0.87409985
01972 .jpg 300 217 353 259 0.9374486 250 356 383 461 0.84614533
01973 .jpg
01974 .jpg 140 151 404 220 0.99999774 264 143 353 252 0.9997879 181 113 213 178 0.9987484 180 123 295 253 0.99655366 418 89 452 132 0.9928876 102 0 418 355 0.9695453 320 149 365 246 0.92791367 173 107 254 182 0.58995485
01975 .jpg 151 167 462 239 0.99894816 318 136 426 237 0.5849202 191 87 439 480 0.5417575
01976 .jpg 186 167 443 289 0.9999896 424 224 523 334 0.9999199 507 59 548 103 0.99555176 229 178 356 247 0.9899263 148 0 481 323 0.9655266 497 28 554 124 0.94813746 192 208 630 337 0.93385565 210 123 518 480 0.57217723
01977 .jpg 370 179 427 319 0.9982027 229 181 438 337 0.9980811 283 261 328 309 0.9748392 278 254 403 333 0.85448337 384 199 414 295 0.77145797 181 0 452 390 0.5181989
01978 .jpg 155 108 495 366 0.99980795 67 0 573 480 0.9855609 269 159 350 286 0.97858965 201 240 330 368 0.9436672
01979 .jpg 279 168 418 270 0.99994886 287 186 361 247 0.994602 177 0 543 334 0.60750127
01980 .jpg 168 249 263 385 0.99817777 34 44 404 467 0.99719054 112 200 344 404 0.9945655 250 63 585 480 0.6756627
01981 .jpg 182 163 453 284 0.9999943 310 148 406 212 0.9990503 425 224 525 332 0.99861115 226 174 297 240 0.9954321 136 265 180 308 0.97476953 507 59 547 104 0.9706879 305 160 377 306 0.9575472 103 0 614 332 0.83137906 211 185 321 299 0.81813645 224 194 585 352 0.6780543
01982 .jpg 226 155 414 338 0.99845856 297 181 399 286 0.89864016 238 170 350 254 0.6160382
01983 .jpg 430 84 491 233 0.9997625 452 119 488 199 0.93964714 120 233 168 293 0.92073125 308 102 500 272 0.89575475 265 182 452 242 0.76534945 418 192 462 228 0.6992949
01984 .jpg 198 227 319 291 0.99768955 518 333 584 396 0.85463774 251 251 325 289 0.8218254 311 447 361 480 0.71205986
01985 .jpg 406 172 470 205 0.97099125 372 113 487 204 0.94967663 436 180 479 205 0.66142815
01986 .jpg 221 92 344 206 0.9717633
01987 .jpg 371 165 422 229 0.98769563 166 257 209 295 0.7203791
01988 .jpg 78 360 350 475 0.9835146 50 195 382 480 0.52125096
01989 .jpg
01990 .jpg 226 267 386 333 0.9656243
01991 .jpg 171 159 233 208 0.89987016 108 93 344 265 0.54562956
01992 .jpg 166 30 397 242 0.99985754 200 65 317 138 0.99984396 227 83 268 120 0.9837959 31 0 511 462 0.9581261
01993 .jpg 232 141 361 265 0.9999802 43 122 443 272 0.8188006 158 0 383 340 0.8039411 227 56 372 204 0.7301912
01994 .jpg 266 108 353 173 0.9999949 214 84 417 202 0.9998473 250 0 370 177 0.98030734 260 116 361 276 0.7620945 174 0 448 315 0.5833959
01995 .jpg 83 150 572 330 0.9999993 111 0 627 480 0.99958664 176 227 356 338 0.9998524 336 136 473 306 0.9997048 267 217 445 317 0.99884796 175 149 209 188 0.9938187 416 139 475 272 0.97190875 370 236 454 306 0.86174077 217 292 308 345 0.6393529 192 254 262 332 0.58144337
01996 .jpg 256 93 584 396 0.99996305 375 291 501 384 0.9995196 437 177 507 260 0.99931073 454 302 495 362 0.99667865 421 192 534 359 0.9912711 284 207 401 309 0.96264756 245 0 640 480 0.8395686 453 199 490 244 0.61740565
01997 .jpg 504 139 564 182 0.919723 487 63 587 191 0.7926086
01998 .jpg 180 77 436 333 0.99999857 251 188 411 306 0.99755776 263 124 399 248 0.9939235 198 154 330 298 0.9920077 92 0 548 480 0.9861386 348 136 410 277 0.9787826 0 21 640 253 0.9025576 408 25 492 138 0.5278734
01999 .jpg 436 189 471 222 0.99970454 426 135 491 234 0.99862283 279 152 543 296 0.99767786 412 188 468 236 0.97229123 418 179 492 311 0.871962 143 0 493 345 0.720956 166 217 348 280 0.5941705
02000 .jpg 222 157 353 285 0.9998033 188 112 432 357 0.9811573 0 70 466 480 0.8463171 416 258 461 338 0.5047813