01646 
01647 
01648 
01649 
01650 
01651 
01652 
01653 
01654 
01655 
01656 
01657 
01658 
01659 
01660 
01661 
01662 
01663 
01664 
01665 
01666 
01667 
01668 
01669 
01670 
01671 
01672 
01673 
01674 
01675 
01676 
01677 
01678 
01679 
01680 
01681 
01682 
01683 
01684 
01685 
01686 
01687 
01688 
01689 
01690 
01691 
01692 
01693 
01694 
01695 
01696 
01697 
01698 
01699 
01700 
01701 
01702 
01703 
01704 
01705 
01706 
01707 
01708 
01709 
01710 
01711 
01712 
01713 
01714 
01715 
01716 
01717 
01718 
01719 
01720 
01721 
01722 
01723 
01724 
01725 
01726 
01727 
01728 
01729 
01730 
01731 
01732 
01733 
01734 
01735 
01736 
01737 
01738 
01739 
01740 
01741 
01742 
01743 
01744 
01745 
01746 
01747 
01748 
01749 
01750 
01751 
01752 
01753 
01754 
01755 
01756 
01757 
01758 
01759 
01760 
01761 
01762 
01763 
01764 
01765 
01766 
01767 
01768 
01769 
01770 
01771 
01772 
01773 
01774 
01775 
01776 
01777 
01778 
01779 
01780 
01781 
01782 
01783 
01784 
01785 
01786 
01787 
01788 
01789 
01790 
01791 
01792 
01793 
01794 
01795 
01796 
01797 
01798 
01799 
01800 
01801 
01802 
01803 
01804 
01805 
01806 
01807 
01808 
01809 
01810 
01811 
01812 
01813 
01814 
01815 
01816 
01817 
01818 
01819 
01820 
01821 
01822 
01823 
01824 
01825 
01826 
01827 
01828 
01829 
01830 
01831 
01832 
01833 
01834 
01835 
01836 
01837 
01838 
01839 
01840 
01841 
01842 
01843 
01844 
01845 
01846 
01847 
01848 
01849 
01850 
01851 
01852 
01853 
01854 
01855 
01856 
01857 
01858 
01859 
01860 
01861 
01862 
01863 
01864 
01865 
01866 
01867 
01868 
01869 
01870 
01871 
01872 
01873 
01874 
01875 
01876 
01877 
01878 
01879 
01880 
01881 
01882 
01883 
01884 
01885 
01886 
01887 
01888 
01889 
01890 
01891 
01892 
01893 
01894 
01895 
01896 
01897 
01898 
01899 
01900 
01901 
01902 
01903 
01904 
01905 
01906 
01907 
01908 
01909 
01910 
01911 
01912 
01913 
01914 
01915 
01916 
01917 
01918 
01919 
01920 
01921 
01922 
01923 
01924 
01925 
01926 
01927 
01928 
01929 
01930 
01931 
01932 
01933 
01934 
01935 
01936 
01937 
01938 
01939 
01940 
01941 
01942 
01943 
01944 
01945 
01946 
01947 
01948 
01949 
01950 
01951 
01952 
01953 
01954 
01955 
01956 
01957 
01958 
01959 
01960 
01961 
01962 
01963 
01964 
01965 
01966 
01967 
01968 
01969 
01970 
01971 
01972 
01973 
01974 
01975 
01976 
01977 
01978 
01979 
01980 
01981 
01982 
01983 
01984 
01985 
01986 
01987 
01988 
01989 
01990 
01991 
01992 
01993 
01994 
01995 
01996 
01997 
01998 
01999 
02000 
